lat,lon,temp
58,0,21.15686624
58,1,21.15686624
58,2,20.333123419999993
58,3,20.442500060000043
58,4,18.456630440000026
58,5,15.465862940000022
58,6,15.052282520000006
58,7,15.052282520000006
58,8,15.15482312000006
58,9,15.15482312000006
58,10,15.175331239999991
58,11,15.294961940000007
58,12,15.329142140000044
58,13,15.390666500000009
58,14,15.335978179999984
58,15,15.428264720000016
58,16,15.356486300000029
58,17,15.318888080000022
58,18,15.435100760000012
58,19,15.500043140000002
58,20,15.45560888
58,21,15.45560888
58,22,15.517133240000021
58,23,15.57182155999999
58,24,15.57182155999999
58,25,15.37015838000002
58,26,15.414592640000023
58,27,15.404338580000058
58,28,15.267617780000023
58,29,15.390666500000009
58,30,15.44877284000006
58,31,15.383830460000013
58,32,15.476117000000045
58,33,15.500043140000002
58,34,15.493207100000006
58,35,15.493207100000006
58,36,15.527387299999987
58,37,15.513715219999995
58,38,15.53764136000001
58,39,15.53764136000001
58,40,15.592329680000034
58,41,15.527387299999987
58,42,15.493207100000006
58,43,15.469280959999992
58,44,15.42142868000002
58,45,15.640181960000007
58,46,15.592329680000034
58,47,15.520551260000047
58,48,15.496625120000033
58,49,15.588911660000008
58,50,15.588911660000008
58,51,15.629927899999984
58,52,15.657272060000025
58,53,15.664108100000021
58,54,15.664108100000021
58,55,15.735886520000008
58,56,15.752976620000027
58,57,15.691452260000005
58,58,15.691452260000005
57,0,21.15686624
57,1,21.15686624
57,2,20.333123419999993
57,3,20.442500060000043
57,4,18.456630440000026
57,5,15.465862940000022
57,6,15.052282520000006
57,7,15.052282520000006
57,8,15.15482312000006
57,9,15.175331239999991
57,10,15.175331239999991
57,11,15.294961940000007
57,12,15.329142140000044
57,13,15.390666500000009
57,14,15.335978179999984
57,15,15.428264720000016
57,16,15.356486300000029
57,17,15.318888080000022
57,18,15.435100760000012
57,19,15.500043140000002
57,20,15.479535020000014
57,21,15.45560888
57,22,15.517133240000021
57,23,15.57182155999999
57,24,15.37015838000002
57,25,15.37015838000002
57,26,15.414592640000023
57,27,15.404338580000058
57,28,15.267617780000023
57,29,15.390666500000009
57,30,15.507812719729493
57,31,15.446072781355866
57,32,15.449051542978335
57,33,15.463436086561382
57,34,15.479529751957621
57,35,15.513287595801753
57,36,15.510527666558671
57,37,15.529531606995956
57,38,15.529525933674922
57,39,15.553442236178707
57,40,15.579812396469782
57,41,15.522693424675971
57,42,15.489245019522068
57,43,15.489226459960747
57,44,15.460781770775743
57,45,15.630363897156924
57,46,15.58593205075731
57,47,15.517201943889692
57,48,15.51200018393811
57,49,15.535897436283449
57,50,15.552736450040822
57,51,15.545862690780368
57,52,15.581823121912286
57,53,15.633129516040427
57,54,15.693192616554171
57,55,15.737648547973437
57,56,15.726443972480217
57,57,15.674362159999987
57,58,15.674362159999987
56,0,21.15686624
56,1,21.15686624
56,2,20.333123419999993
56,3,20.442500060000043
56,4,18.456630440000026
56,5,15.465862940000022
56,6,15.096716780000008
56,7,15.052282520000006
56,8,15.15482312000006
56,9,15.175331239999991
56,10,15.159170119366584
56,11,15.212866035678855
56,12,15.262791458257482
56,13,15.336131579572127
56,14,15.37329375202242
56,15,15.387909610417275
56,16,15.399419725980101
56,17,15.40166164762808
56,18,15.3609629425581
56,19,15.441407656627858
56,20,15.482968133988368
56,21,15.486143020308962
56,22,15.403772131984855
56,23,15.463771079947808
56,24,15.445289083110685
56,25,15.351268789531801
56,26,15.37539377222723
56,27,15.378278076856102
56,28,15.325985229587108
56,29,15.391604626457497
56,30,15.429993970011857
56,31,15.369252772366421
56,32,15.415990782561131
56,33,15.462215938254165
56,34,15.536333087706224
56,35,15.551748992384308
56,36,15.522260315817991
56,37,15.493564471772547
56,38,15.555257266917204
56,39,15.54047857770923
56,40,15.561089583650348
56,41,15.575784348325215
56,42,15.556908743072729
56,43,15.517091949627073
56,44,15.548208982056508
56,45,15.594895601111656
56,46,15.59317008505991
56,47,15.49371232747109
56,48,15.60770642898955
56,49,15.59317027128443
56,50,15.552062235004628
56,51,15.493544828655313
56,52,15.500849319303214
56,53,15.55320811149923
56,54,15.593646516473813
56,55,15.651200026319197
56,56,15.679840053647718
56,57,15.660690079999995
56,58,15.660690079999995
55,0,21.15686624
55,1,20.80711242006442
55,2,20.111440616137642
55,3,20.370856053778205
55,4,18.770906841867728
55,5,16.133518226384414
55,6,15.19961397613098
55,7,15.058766637243105
55,8,15.098345027868858
55,9,15.158596179831207
55,10,15.25138207188306
55,11,15.327798698261933
55,12,15.339723690440604
55,13,15.371315209728875
55,14,15.333965930339737
55,15,15.426458492086251
55,16,15.403503589387466
55,17,15.321980930950918
55,18,15.418259831481773
55,19,15.491352039580596
55,20,15.491832958530386
55,21,15.533374349705758
55,22,15.490128217637936
55,23,15.466115786426652
55,24,15.405053174362404
55,25,15.334685138624955
55,26,15.333089073053664
55,27,15.333353650349366
55,28,15.31990649014137
55,29,15.351163153592056
55,30,15.38645910025176
55,31,15.365223230605363
55,32,15.402586577797322
55,33,15.464819697421337
55,34,15.537067953864147
55,35,15.539635375241215
55,36,15.492057397271864
55,37,15.435530914041088
55,38,15.551564624042548
55,39,15.576674352795742
55,40,15.579949245749695
55,41,15.57110361434235
55,42,15.594489043567787
55,43,15.612914826311112
55,44,15.531081997348222
55,45,15.510301938938285
55,46,15.619766156401676
55,47,15.516255831575474
55,48,15.670755236933338
55,49,15.542186604586481
55,50,15.537777785378688
55,51,15.51271999351857
55,52,15.491251497093074
55,53,15.52418673603541
55,54,15.523646590216032
55,55,15.504047136421047
55,56,15.528010260248319
55,57,15.59574770000006
55,58,15.59574770000006
54,0,18.39168805999998
54,1,18.653868937205104
54,2,18.230752167907287
54,3,19.59948116678583
54,4,19.381283621691146
54,5,17.07984620734992
54,6,15.522990776637844
54,7,15.082936908081289
54,8,15.065346381542483
54,9,15.091532621393148
54,10,15.135943353729196
54,11,15.189011090397848
54,12,15.257447259874265
54,13,15.379103707441882
54,14,15.353032454897434
54,15,15.339794553260758
54,16,15.39619942431578
54,17,15.388434091821942
54,18,15.406107691140072
54,19,15.477614512455615
54,20,15.491746634342105
54,21,15.475214641424659
54,22,15.543301640949846
54,23,15.557133505587803
54,24,15.480701602450017
54,25,15.37689760010904
54,26,15.364337959719958
54,27,15.396183143918838
54,28,15.350017218577381
54,29,15.272047997918762
54,30,15.22588726174752
54,31,15.391873392320587
54,32,15.345761715115616
54,33,15.457798673913542
54,34,15.536261581838506
54,35,15.500076850619866
54,36,15.520444109602023
54,37,15.434052955957297
54,38,15.588177328481343
54,39,15.655605600682595
54,40,15.671781559639054
54,41,15.681541548761285
54,42,15.612398569112088
54,43,15.586538254753254
54,44,15.528698190070498
54,45,15.519382784929002
54,46,15.61629498341785
54,47,15.593886958967783
54,48,15.624014707894105
54,49,15.595362351741489
54,50,15.557715144333878
54,51,15.497361888298691
54,52,15.453843981055535
54,53,15.533506025907641
54,54,15.516035577594089
54,55,15.470672913468375
54,56,15.495613896612351
54,57,15.558149479999997
54,58,15.530805320000013
53,0,19.834092499999997
53,1,19.690654025564534
53,2,18.68106557781472
53,3,19.001061055857967
53,4,20.032188041769057
53,5,18.672896874713352
53,6,16.23026906350526
53,7,15.289295132052162
53,8,15.032269944639847
53,9,15.05152401026103
53,10,15.092924789120678
53,11,15.155618205620154
53,12,15.236347751436245
53,13,15.294346073384167
53,14,15.353915030846087
53,15,15.409261602110266
53,16,15.381273475135476
53,17,15.391601113482423
53,18,15.46253753834481
53,19,15.491597836190452
53,20,15.468897624897558
53,21,15.454227735401316
53,22,15.445816726653439
53,23,15.496487609843705
53,24,15.479555561382206
53,25,15.365887468631687
53,26,15.326139462465795
53,27,15.356766804939406
53,28,15.306970102847076
53,29,15.287615124241434
53,30,15.252314979040433
53,31,15.339029574109368
53,32,15.389217691356087
53,33,15.43947998627088
53,34,15.510524815279975
53,35,15.61584037586005
53,36,15.582499676070668
53,37,15.53554787508028
53,38,15.56723739865761
53,39,15.623346980788572
53,40,15.613867512066236
53,41,15.621206535968394
53,42,15.637992625654547
53,43,15.62350991231866
53,44,15.591685218014787
53,45,15.618561810890505
53,46,15.623673837921785
53,47,15.594645661343215
53,48,15.60113048237046
53,49,15.627913561297468
53,50,15.580723824012082
53,51,15.636145843540872
53,52,15.460555257595496
53,53,15.57200274709034
53,54,15.571604499087437
53,55,15.539592783831875
53,56,15.530810201376948
53,57,15.575239580000016
53,58,15.575239580000016
52,0,17.595289400000013
52,1,18.728528075740726
52,2,20.132593938751654
52,3,18.6184742590062
52,4,18.894374485349076
52,5,19.78910565390358
52,6,17.850457273474454
52,7,15.778093880026558
52,8,15.14511185914549
52,9,15.035968663935746
52,10,15.053008129465162
52,11,15.142099696004998
52,12,15.257919958477693
52,13,15.294347784192114
52,14,15.315124354953536
52,15,15.369324604700429
52,16,15.425006626353108
52,17,15.422373484106512
52,18,15.412820169639918
52,19,15.411821493296706
52,20,15.427036278085687
52,21,15.430422142140461
52,22,15.442780448361324
52,23,15.459658527640789
52,24,15.458527353662166
52,25,15.352122174115957
52,26,15.295295135039531
52,27,15.33449641942968
52,28,15.316498338726364
52,29,15.290514824772494
52,30,15.304063657064626
52,31,15.418371576021748
52,32,15.462857770652759
52,33,15.47439507623534
52,34,15.532484357435349
52,35,15.605678618512716
52,36,15.588144991306315
52,37,15.556981183647022
52,38,15.572705348095514
52,39,15.623198267358058
52,40,15.62789510219414
52,41,15.609912845512607
52,42,15.642150818272754
52,43,15.660010545927452
52,44,15.61811018745469
52,45,15.639524749237175
52,46,15.619891615520354
52,47,15.598525757501033
52,48,15.646803155456736
52,49,15.637174177709875
52,50,15.58057415150412
52,51,15.667420480590323
52,52,15.528455529570607
52,53,15.575970526112036
52,54,15.594599590041323
52,55,15.563861246339513
52,56,15.567180947296363
52,57,15.56840354000002
52,58,15.56840354000002
51,0,16.754456480000044
51,1,17.40263052942847
51,2,20.140116111847966
51,3,18.7975195937894
51,4,17.91914709371731
51,5,19.18194662718885
51,6,20.00144105344846
51,7,17.440413154492383
51,8,15.40634475788687
51,9,15.126439955806106
51,10,15.088892755934339
51,11,15.113201366741787
51,12,15.166923568061122
51,13,15.28106467877845
51,14,15.299770487749306
51,15,15.33719020324721
51,16,15.408760781456214
51,17,15.411395074829235
51,18,15.36187917101565
51,19,15.437594907957493
51,20,15.486066043767325
51,21,15.422978762425942
51,22,15.438661357812265
51,23,15.449348537170884
51,24,15.419816843750704
51,25,15.451297019693776
51,26,15.331404135321243
51,27,15.295143699389877
51,28,15.34074226350035
51,29,15.368058707063549
51,30,15.368051988512278
51,31,15.378502723918793
51,32,15.505252951498182
51,33,15.520392470385536
51,34,15.55385902169002
51,35,15.61385566315063
51,36,15.632105542942716
51,37,15.633070274548752
51,38,15.549868219029923
51,39,15.540421320159588
51,40,15.584074648146336
51,41,15.611248307627587
51,42,15.592208848752602
51,43,15.601164719815248
51,44,15.601726087072713
51,45,15.637448563990482
51,46,15.625240041574315
51,47,15.698653848500241
51,48,15.614580253931047
51,49,15.616069190012341
51,50,15.605612105844335
51,51,15.675320604564032
51,52,15.670835686565546
51,53,15.64628198945112
51,54,15.62134361654622
51,55,15.597658552935064
51,56,15.580078915767945
51,57,15.57182155999999
51,58,15.57182155999999
50,0,17.072332340000003
50,1,17.562057503559217
50,2,20.486119828621764
50,3,19.473936961258314
50,4,18.14237163493073
50,5,18.594029882170105
50,6,20.006433693673586
50,7,18.542596890126173
50,8,16.073914522887485
50,9,15.22896707539906
50,10,15.180359018954327
50,11,15.187086576812954
50,12,15.227971908310938
50,13,15.239355517634907
50,14,15.283022311259543
50,15,15.370554742932827
50,16,15.457460652868187
50,17,15.480799748541028
50,18,15.381856795645305
50,19,15.412832330431266
50,20,15.47099168559313
50,21,15.431933392330121
50,22,15.4542562469877
50,23,15.490165388715493
50,24,15.420766923843013
50,25,15.45382728218081
50,26,15.439483266213795
50,27,15.343866989045967
50,28,15.307190740997349
50,29,15.29982866173871
50,30,15.319538065690113
50,31,15.332039740006563
50,32,15.487367820088085
50,33,15.427859315831466
50,34,15.541253570567621
50,35,15.567057500801802
50,36,15.591335503482059
50,37,15.588968874088192
50,38,15.50880032967644
50,39,15.507116057315319
50,40,15.59355833553822
50,41,15.585232821871486
50,42,15.602502937695323
50,43,15.605081544656617
50,44,15.589918827554783
50,45,15.605210801353815
50,46,15.589307548036885
50,47,15.645348052803667
50,48,15.655041751671808
50,49,15.642795034269012
50,50,15.678483665211854
50,51,15.69916835009531
50,52,15.728395034327908
50,53,15.639542827109533
50,54,15.625605798097684
50,55,15.611700797560248
50,56,15.558404843538675
50,57,15.513715219999995
50,58,15.513715219999995
49,0,17.362864039999977
49,1,17.39201735200651
49,2,17.53837063237688
49,3,17.31894381689303
49,4,17.156248926218513
49,5,17.269641386561783
49,6,19.70297270477245
49,7,20.202472229608105
49,8,17.519534220340905
49,9,15.587387512301738
49,10,15.142012514328977
49,11,15.218339130076117
49,12,15.332070394155323
49,13,15.344322175705294
49,14,15.28800327228841
49,15,15.308007799550866
49,16,15.44111912299276
49,17,15.463422846839693
49,18,15.425971341773216
49,19,15.448572771691877
49,20,15.447809372844127
49,21,15.442572900060938
49,22,15.390382470272481
49,23,15.41693441265397
49,24,15.46289521843823
49,25,15.39030139617444
49,26,15.40175894771009
49,27,15.378171120772194
49,28,15.33309119515146
49,29,15.298986000393231
49,30,15.277927772167995
49,31,15.3356112573146
49,32,15.474030897578722
49,33,15.461990080312367
49,34,15.530470545143487
49,35,15.585503989427755
49,36,15.585913186287318
49,37,15.57337002444579
49,38,15.497261823711
49,39,15.482847202933037
49,40,15.626815206059707
49,41,15.690685115186932
49,42,15.674237287905129
49,43,15.641870274926951
49,44,15.626096302927571
49,45,15.597188317298292
49,46,15.57598247968641
49,47,15.602653800315675
49,48,15.700653795802266
49,49,15.717971578260794
49,50,15.691573245394807
49,51,15.650931736083834
49,52,15.684701046615363
49,53,15.587820099651246
49,54,15.599933082729756
49,55,15.617097866256058
49,56,15.565355126156517
49,57,15.554731460000028
49,58,15.554731460000028
48,0,17.27057750000006
48,1,17.3063190201098
48,2,17.497618657826973
48,3,17.488950521053606
48,4,17.163276695452623
48,5,17.6773337982902
48,6,18.75077826004508
48,7,19.56196204678575
48,8,18.985939124913475
48,9,16.549570380540004
48,10,15.268692989109915
48,11,15.111159388562564
48,12,15.171002775735925
48,13,15.255178875818581
48,14,15.264046792858004
48,15,15.264604547580898
48,16,15.381424980586942
48,17,15.488885413558114
48,18,15.527307596747937
48,19,15.385033855828771
48,20,15.405453311704198
48,21,15.452201000630536
48,22,15.400341848150894
48,23,15.381518327711497
48,24,15.418918723111297
48,25,15.460198770058808
48,26,15.429527946914561
48,27,15.30687642212843
48,28,15.272999499588792
48,29,15.300687156949738
48,30,15.287653403380055
48,31,15.315365815219286
48,32,15.478019897754297
48,33,15.532390783472579
48,34,15.425228924823058
48,35,15.5889594883467
48,36,15.61928539808091
48,37,15.627541019009357
48,38,15.482619280149846
48,39,15.455670720967776
48,40,15.548128264515444
48,41,15.677438761859793
48,42,15.693776373503432
48,43,15.72715697340415
48,44,15.662362428612942
48,45,15.600751687623724
48,46,15.605041377405911
48,47,15.55643630984571
48,48,15.71620841801864
48,49,15.707408706346438
48,50,15.67636615056467
48,51,15.61876916567884
48,52,15.67021009896067
48,53,15.66072159775872
48,54,15.564861462629764
48,55,15.594038449337562
48,56,15.589969058029492
48,57,15.527387299999987
48,58,15.527387299999987
47,0,17.30817572000001
47,1,17.41651120730771
47,2,17.65588706364344
47,3,17.854330755424108
47,4,17.721940462867394
47,5,18.284251761174495
47,6,19.610544059229262
47,7,19.69610379339411
47,8,19.67977550318735
47,9,17.441563758362435
47,10,15.627176917881503
47,11,15.096230802482673
47,12,15.043093454839024
47,13,15.12826535065943
47,14,15.215807647145958
47,15,15.294590782099668
47,16,15.389565443325065
47,17,15.450322575560062
47,18,15.460705613180757
47,19,15.371196750756791
47,20,15.391223179271908
47,21,15.436216615553205
47,22,15.410525281618
47,23,15.387315494546975
47,24,15.409760052788311
47,25,15.44710551773074
47,26,15.451441306522375
47,27,15.362235288977345
47,28,15.309584058491414
47,29,15.347226258225577
47,30,15.31181026924747
47,31,15.326636081869124
47,32,15.465943160396735
47,33,15.58133382669628
47,34,15.41985244016757
47,35,15.599159907871988
47,36,15.67898797176666
47,37,15.67232507935364
47,38,15.509830993932878
47,39,15.44930428947948
47,40,15.528027196229827
47,41,15.658464150683296
47,42,15.693138142556638
47,43,15.67206476035204
47,44,15.644060279355331
47,45,15.590995608370239
47,46,15.580044970968487
47,47,15.554271572440982
47,48,15.709530461320668
47,49,15.683263214863146
47,50,15.639309044305133
47,51,15.637519152896735
47,52,15.645387577508892
47,53,15.690082789363172
47,54,15.59551338176878
47,55,15.556773829592913
47,56,15.577322252574486
47,57,15.59574770000006
47,58,15.59574770000006
46,0,17.708084060000033
46,1,17.67497262112682
46,2,18.12842292898472
46,3,18.575571461187362
46,4,18.30022698010131
46,5,18.419355728026527
46,6,19.935464269183704
46,7,20.129977290521722
46,8,19.40704727910658
46,9,18.150653452880977
46,10,16.92079286962585
46,11,15.5185349904508
46,12,14.999216260746724
46,13,15.09808685780592
46,14,15.129561400170822
46,15,15.18938890498814
46,16,15.275830169498393
46,17,15.302018576766883
46,18,15.384266114715079
46,19,15.367006316014578
46,20,15.377054972580936
46,21,15.439652837910973
46,22,15.360775799999688
46,23,15.364651131674137
46,24,15.38646951224515
46,25,15.399887962058294
46,26,15.400211311956083
46,27,15.319715208397579
46,28,15.2330527389858
46,29,15.297510830924487
46,30,15.396903541678675
46,31,15.439509604845181
46,32,15.488778706829237
46,33,15.568797783645584
46,34,15.527023154410754
46,35,15.49866027677787
46,36,15.566819634732566
46,37,15.646398408207144
46,38,15.619460683876827
46,39,15.567969679120853
46,40,15.53796432886104
46,41,15.60201112842909
46,42,15.64869291574588
46,43,15.626010075455572
46,44,15.619403937714191
46,45,15.612926613293496
46,46,15.58128643737469
46,47,15.606878039023766
46,48,15.65961753624743
46,49,15.673408983837733
46,50,15.670270799428314
46,51,15.6559211560499
46,52,15.610147303458465
46,53,15.649034930295127
46,54,15.574341680555985
46,55,15.565306379260528
46,56,15.573839509370725
46,57,16.101639288342223
46,58,15.578657600000042
45,0,17.48591276000002
45,1,17.716052914688667
45,2,18.267053949705215
45,3,18.607191887311394
45,4,18.2914099483838
45,5,18.195526002053487
45,6,18.853035805328826
45,7,19.196721577164062
45,8,18.864938270486046
45,9,18.450320060549483
45,10,18.063022542165164
45,11,16.34191805542799
45,12,15.201907683192971
45,13,15.114645003499948
45,14,15.118379842682291
45,15,15.15004897042301
45,16,15.181716152627178
45,17,15.23262869389948
45,18,15.357366392398154
45,19,15.433785431658798
45,20,15.397842295679242
45,21,15.438000521908114
45,22,15.39327481073347
45,23,15.365596145923824
45,24,15.351660466845125
45,25,15.372626842150815
45,26,15.407676386668319
45,27,15.39447050992408
45,28,15.34171288893274
45,29,15.321999845550653
45,30,15.363241721686531
45,31,15.369112679989476
45,32,15.437570145522955
45,33,15.481001723136348
45,34,15.492743472643479
45,35,15.525546678194466
45,36,15.57542687332927
45,37,15.55034666483997
45,38,15.567085582585918
45,39,15.558862952925475
45,40,15.526089256753673
45,41,15.605028473590128
45,42,15.681888044997894
45,43,15.665602155042215
45,44,15.61321923556294
45,45,15.55518194017864
45,46,15.537907727100167
45,47,15.6024145296755
45,48,15.64064518210848
45,49,15.66722216609442
45,50,15.591531336343216
45,51,15.68656536456466
45,52,15.669631960787624
45,53,15.6602743841787
45,54,15.562903087103525
45,55,15.559716630126339
45,56,15.664449847979228
45,57,15.722176253398734
45,58,15.725632460000043
44,0,17.885821100000044
44,1,17.84285358084699
44,2,18.09832034165024
44,3,18.325511477670787
44,4,18.251215401640845
44,5,18.26396547285979
44,6,18.04032196790193
44,7,17.648552530361552
44,8,18.430174437435184
44,9,18.577998639676657
44,10,18.994554132007995
44,11,17.158444678462715
44,12,15.43399791994637
44,13,15.142368846039442
44,14,15.13845953342765
44,15,15.175682343690337
44,16,15.259987850643387
44,17,15.276608091459014
44,18,15.331639869362562
44,19,15.422930120180624
44,20,15.41590541791626
44,21,15.405363036204673
44,22,15.38941649422187
44,23,15.367635199513224
44,24,15.338975394585988
44,25,15.333757149984702
44,26,15.36428729763444
44,27,15.405521179731151
44,28,15.322358275915281
44,29,15.323517630371537
44,30,15.359654146137927
44,31,15.397207237059089
44,32,15.423922061628804
44,33,15.421363719255915
44,34,15.517188476698658
44,35,15.464481688978895
44,36,15.543257991437388
44,37,15.554185653146384
44,38,15.576975231193934
44,39,15.544182396752058
44,40,15.524404928430092
44,41,15.582104409523652
44,42,15.62483301505497
44,43,15.646003177321965
44,44,15.643585779031515
44,45,15.561572977665454
44,46,15.572891019834296
44,47,15.564925766768246
44,48,15.58740199392364
44,49,15.673843583150267
44,50,15.636244637528389
44,51,15.751382982470348
44,52,15.75225264072236
44,53,15.697358065107656
44,54,15.589029132019007
44,55,15.564673312415747
44,56,15.643267956974444
44,57,15.683220120721291
44,58,15.688034239999979
43,0,17.961017540000057
43,1,17.952863343707197
43,2,18.0599763731271
43,3,18.490738979069576
43,4,18.57582484542498
43,5,18.488445251406873
43,6,18.184319542571135
43,7,17.713038095859897
43,8,17.852444749359
43,9,18.57925227251223
43,10,19.034914054840215
43,11,19.0509087983547
43,12,16.5287139232123
43,13,15.193600712662256
43,14,15.065769956311563
43,15,15.107603829648976
43,16,15.19688340255194
43,17,15.235204805735233
43,18,15.27612899166148
43,19,15.351069288017545
43,20,15.415612982512
43,21,15.307371537138291
43,22,15.361655349116274
43,23,15.448129535046643
43,24,15.449399994331596
43,25,15.378324000319378
43,26,15.320851455687448
43,27,15.42373500205501
43,28,15.369119859089128
43,29,15.303181477515775
43,30,15.346216533073815
43,31,15.437070505964876
43,32,15.405400737318761
43,33,15.411945189565753
43,34,15.517323424533455
43,35,15.455941920757496
43,36,15.508653727032748
43,37,15.567497519163858
43,38,15.560796229543822
43,39,15.54893521951139
43,40,15.529385698287122
43,41,15.541192668005671
43,42,15.638320309584074
43,43,15.668286801674732
43,44,15.683788013791402
43,45,15.699385831594734
43,46,15.656854423680048
43,47,15.622045350740754
43,48,15.606568578981992
43,49,15.626455872898013
43,50,15.736067300496071
43,51,15.701478116783122
43,52,15.686346846978715
43,53,15.613995946663234
43,54,15.658712622396838
43,55,15.638594811050467
43,56,15.680482621834495
43,57,15.654567001344706
43,58,15.735886520000008
42,0,17.84480486000001
42,1,17.814261004209815
42,2,18.004154681852093
42,3,18.458437616338806
42,4,18.521048955960982
42,5,18.391166973119965
42,6,18.107929284114924
42,7,17.681139979061935
42,8,18.062230288185567
42,9,18.5749512742806
42,10,18.899338344082988
42,11,19.318850439479398
42,12,17.596388145085147
42,13,15.612242227801895
42,14,15.107299016274098
42,15,15.061728312652201
42,16,15.09498398374657
42,17,15.141439349691254
42,18,15.27428333768285
42,19,15.617100447130348
42,20,15.727646100838298
42,21,15.44024753765191
42,22,15.596153288459561
42,23,15.743770612767065
42,24,15.855569489338881
42,25,15.598617961276412
42,26,15.429979664154809
42,27,15.390630157617814
42,28,15.372265566121676
42,29,15.313835352747741
42,30,15.381203514127659
42,31,15.437083784941763
42,32,15.447950657301568
42,33,15.432958929594001
42,34,15.493526852777595
42,35,15.542854761694453
42,36,15.542896440486505
42,37,15.581965145074342
42,38,15.562961133849141
42,39,15.572450639142868
42,40,15.583377838412805
42,41,15.559498827423473
42,42,15.648240527456522
42,43,15.70852963091444
42,44,15.717302264970556
42,45,15.703886283185007
42,46,15.668233343749527
42,47,15.610945708948636
42,48,15.608830634376284
42,49,15.501629415618952
42,50,15.759562446806074
42,51,15.658673356217271
42,52,15.64123791236295
42,53,15.584921562096497
42,54,15.704490430852708
42,55,15.672413268107295
42,56,15.657857297263202
42,57,15.629318138002663
42,58,15.660690079999995
41,0,17.964435560000027
41,1,17.670352205840157
41,2,17.34258618774684
41,3,17.86634044627605
41,4,18.129530599991792
41,5,18.405986253973843
41,6,18.41090262510083
41,7,18.18950137447971
41,8,18.458572331881395
41,9,18.625464589276483
41,10,18.334301373212732
41,11,18.85488017059887
41,12,18.818037329152492
41,13,17.7309334921182
41,14,16.469118625674945
41,15,15.379505136725209
41,16,15.094331646040109
41,17,14.974585100212115
41,18,15.126365887528902
41,19,16.151814783539418
41,20,16.535772054591824
41,21,16.58929246733146
41,22,16.78056759201383
41,23,17.023168899352605
41,24,17.574548236483885
41,25,16.836766522669876
41,26,16.0314731267092
41,27,15.558558138894687
41,28,15.382629996457041
41,29,15.322453393624134
41,30,15.346969318054999
41,31,15.397665397361347
41,32,15.41636693816572
41,33,15.457071513547683
41,34,15.504032596002347
41,35,15.574711205214228
41,36,15.49422999161527
41,37,15.692379252620254
41,38,15.565360491071822
41,39,15.609513129234507
41,40,15.564773478232974
41,41,15.572535075671038
41,42,15.582023608061837
41,43,15.704241407485492
41,44,15.705378391153129
41,45,15.697890027361884
41,46,15.652986718970578
41,47,15.562549146150067
41,48,15.592308834403694
41,49,15.58750446855229
41,50,15.727790467107763
41,51,15.649239698829387
41,52,15.657059969723484
41,53,15.643057916007802
41,54,15.7079345224878
41,55,15.704385761070654
41,56,15.660123445965656
41,57,15.644023149089973
41,58,15.674362159999987
40,0,18.02595991999999
40,1,18.076244285621847
40,2,17.216954193580477
40,3,17.20041826213439
40,4,17.317580465074787
40,5,18.13749081642769
40,6,19.37760862729987
40,7,18.93738263354461
40,8,18.664603704305748
40,9,18.565899249639923
40,10,18.42316555000751
40,11,18.56011396917287
40,12,19.259235803431952
40,13,19.425398998888934
40,14,19.21408739789281
40,15,17.771025221020054
40,16,15.972645003326553
40,17,15.20265088884926
40,18,14.821605223364742
40,19,15.116787076287393
40,20,15.528902447322764
40,21,16.56219595746963
40,22,17.084732949809805
40,23,17.23613433399604
40,24,17.755513946123234
40,25,17.48212706470691
40,26,16.607989262293803
40,27,15.768494948159795
40,28,15.433606489186891
40,29,15.353799445333896
40,30,15.354799283513675
40,31,15.469656379150912
40,32,15.477101967980147
40,33,15.454935304964021
40,34,15.455719804596404
40,35,15.550159565824805
40,36,15.493039157910156
40,37,15.559045465985136
40,38,15.61505070832158
40,39,15.600868222617523
40,40,15.61865651898023
40,41,15.512978251662489
40,42,15.515850231267294
40,43,15.58347169261832
40,44,15.62254460740255
40,45,15.609336482275744
40,46,15.621951694273026
40,47,15.574834051368526
40,48,15.54981143194074
40,49,15.606314292123805
40,50,15.687057652928694
40,51,15.6885452953151
40,52,15.689484079540126
40,53,15.722467618001286
40,54,15.719782793118888
40,55,15.74794475852233
40,56,15.669014971520635
40,57,15.640904238945412
40,58,15.65043602000003
39,0,19.441020200000025
39,1,19.073010898405677
39,2,18.801248187246074
39,3,18.4506656365753
39,4,18.169738610268936
39,5,18.22482972147279
39,6,19.162443053932247
39,7,18.988603985450133
39,8,18.76581547378228
39,9,18.550540933824394
39,10,18.56923807529624
39,11,18.577845164194002
39,12,19.030159506685713
39,13,19.60711669248406
39,14,20.161057748554278
39,15,19.324248634034433
39,16,17.20635596267054
39,17,15.751721973599475
39,18,14.833112171674564
39,19,14.843498563260333
39,20,15.240859751519379
39,21,16.51964905658153
39,22,17.231540904239917
39,23,17.30477405624798
39,24,17.57780949396183
39,25,17.433408150070736
39,26,16.788287266241415
39,27,15.867241355771904
39,28,15.460408735197657
39,29,15.433208213343075
39,30,15.477148187773615
39,31,15.569959169391328
39,32,15.512045141305894
39,33,15.463744747319037
39,34,15.491209148028554
39,35,15.571815263716685
39,36,15.530229221738322
39,37,15.547478707104807
39,38,15.647940659021572
39,39,15.65945012111806
39,40,15.58519265999498
39,41,15.491247215764957
39,42,15.475854814902917
39,43,15.565394543513856
39,44,15.645612756263853
39,45,15.656145970889323
39,46,15.63888948067553
39,47,15.586147621579011
39,48,15.520325875130666
39,49,15.58048123060049
39,50,15.649192777464908
39,51,15.669138857541693
39,52,15.625874096776304
39,53,15.726294776218406
39,54,15.647876575121206
39,55,15.73157616736632
39,56,15.660910659578025
39,57,15.637894433224723
39,58,15.619673840000019
38,0,19.72813388000003
38,1,19.773816111221958
38,2,19.913821891179968
38,3,19.86522853643725
38,4,19.74818735956347
38,5,19.34653051696278
38,6,18.584558447869785
38,7,18.454823788760063
38,8,18.35813809555272
38,9,18.229551189828562
38,10,18.2377668736882
38,11,18.667917772466584
38,12,18.695433850146642
38,13,18.718710986616006
38,14,19.003578183937957
38,15,19.49896084051272
38,16,17.396494150341706
38,17,15.998080107265501
38,18,15.097826568874412
38,19,14.891949151459963
38,20,15.220146848322742
38,21,16.868177886496202
38,22,17.510294342822284
38,23,17.6559504451913
38,24,17.851203903185304
38,25,17.16826344179283
38,26,16.588092427374672
38,27,15.855049531161825
38,28,15.57134801477071
38,29,15.590455406621414
38,30,15.797276532692827
38,31,16.129121057237217
38,32,15.933266529365538
38,33,15.682147892298808
38,34,15.488971425549664
38,35,15.546573035998954
38,36,15.533565080525165
38,37,15.467779834579193
38,38,15.630238644484162
38,39,15.683758735566643
38,40,15.646768889696046
38,41,15.555792681621355
38,42,15.508989186451664
38,43,15.58545611150623
38,44,15.622479597092624
38,45,15.616615785673098
38,46,15.637770603916476
38,47,15.570767117913427
38,48,15.491483443105547
38,49,15.545933364055204
38,50,15.560343809789508
38,51,15.710593867615149
38,52,15.646362379466737
38,53,15.720173643860317
38,54,15.604077542860248
38,55,15.661137199560574
38,56,15.649025358041158
38,57,15.653937521468054
38,58,15.629927899999984
37,0,20.538204619999988
37,1,20.453466202972745
37,2,20.45523017730298
37,3,20.269423033436816
37,4,20.146235819850936
37,5,20.143235344643116
37,6,18.710282757818227
37,7,18.17677001083495
37,8,17.972340240965735
37,9,17.791880717353767
37,10,17.820770429200223
37,11,18.262230547258778
37,12,18.591841810942118
37,13,18.474991230818762
37,14,18.429186571165214
37,15,18.514191309033652
37,16,18.195814141500424
37,17,16.82681113491695
37,18,15.788667954181236
37,19,15.562409242947027
37,20,15.698516632405411
37,21,16.73479285909348
37,22,17.55612182973948
37,23,17.939928770437657
37,24,18.550245739692446
37,25,17.837062758491072
37,26,17.11488222578737
37,27,15.924394305718897
37,28,15.47415818400548
37,29,15.495490273618643
37,30,15.603161702391652
37,31,16.26137874749103
37,32,16.289309551654178
37,33,15.755357038768908
37,34,15.496670925074525
37,35,15.491992420638518
37,36,15.514079932539982
37,37,15.482460728337301
37,38,15.595971866044621
37,39,15.636690466568195
37,40,15.614956629833857
37,41,15.5560542435186
37,42,15.521864333708752
37,43,15.604223927606146
37,44,15.675433811614353
37,45,15.679120301846215
37,46,15.693326153385883
37,47,15.689770703310783
37,48,15.670944140000017
37,49,15.658620321253848
37,50,15.632139204189397
37,51,15.697152993958724
37,52,15.678769200027599
37,53,15.719787180553896
37,54,15.668411070194795
37,55,15.655005317245664
37,56,15.709799530534838
37,57,15.704911559080406
37,58,15.732468499999982
36,0,22.26430472000004
36,1,22.048311572246906
36,2,21.435709891717057
36,3,20.712082054956216
36,4,20.358967637941827
36,5,20.393163702533744
36,6,19.069053446177833
36,7,18.190871551437652
36,8,17.815492279742543
36,9,17.376706076629237
36,10,17.50842275349114
36,11,17.918762483342384
36,12,18.313841160246756
36,13,18.458092505170747
36,14,18.589922550585754
36,15,18.91055922695093
36,16,19.02194601665075
36,17,18.973397774765054
36,18,18.06930753871677
36,19,16.864837374788305
36,20,16.467320757340914
36,21,16.839507302635635
36,22,17.76522470542178
36,23,18.11016668217374
36,24,18.74872240837975
36,25,18.314221017857037
36,26,17.733568429158865
36,27,16.230252832291747
36,28,15.489062306536567
36,29,15.260803672146135
36,30,14.576250404409448
36,31,15.39604767723142
36,32,16.217767610537454
36,33,15.76653029260171
36,34,15.434286347729973
36,35,15.45242300520254
36,36,15.486621718110202
36,37,15.481586943405624
36,38,15.609780647235482
36,39,15.642312942943054
36,40,15.632860039813913
36,41,15.577883702920072
36,42,15.530473253120544
36,43,15.552074719060709
36,44,15.677557570042575
36,45,15.719023253950423
36,46,15.713573843339706
36,47,15.697976682217519
36,48,15.658812950761053
36,49,15.64378773675304
36,50,15.616323908100654
36,51,15.669327988928055
36,52,15.724015434933811
36,53,15.698288300000058
36,54,15.709089672536514
36,55,15.702524141039344
36,56,15.729091051480438
36,57,15.688369793865888
36,58,15.739304540000035
35,0,21.457652000000053
35,1,21.342578057228366
35,2,21.060401145547857
35,3,20.13545750080468
35,4,19.92314146416742
35,5,19.978892189899987
35,6,19.085822068125545
35,7,18.357754663645284
35,8,18.008893171282413
35,9,17.608974083116106
35,10,17.714686632767364
35,11,17.66130020312425
35,12,17.721721824540168
35,13,17.974443489252145
35,14,18.56273203557341
35,15,18.9519951641633
35,16,19.215985683646068
35,17,19.557399040439307
35,18,19.53717483064085
35,19,19.00238662269707
35,20,18.49916445711244
35,21,19.254471987500935
35,22,19.563031198557084
35,23,19.02764321283772
35,24,17.59644189147977
35,25,16.931592136935215
35,26,16.451907951491616
35,27,15.954472689542632
35,28,15.464310249204782
35,29,15.3515815089559
35,30,14.948145306066019
35,31,14.882558945562717
35,32,15.92963835340848
35,33,15.781589537263656
35,34,15.426577884065807
35,35,15.464329326619477
35,36,15.499776164371164
35,37,15.50381424029304
35,38,15.556140379760972
35,39,15.609314720361647
35,40,15.635569587308423
35,41,15.583864671303207
35,42,15.579698973456422
35,43,15.559819665593867
35,44,15.63450520874852
35,45,15.675045629486032
35,46,15.688134798200316
35,47,15.678264110514844
35,48,15.64732705189526
35,49,15.584589798638397
35,50,15.636868283764663
35,51,15.622973602822919
35,52,15.719418286920234
35,53,15.623542165712974
35,54,15.732930147498914
35,55,15.718210285666974
35,56,15.745848685041658
35,57,15.681616028435519
35,58,15.752976620000027
34,0,20.31261530000006
34,1,19.898099102537117
34,2,19.769731879848568
34,3,19.1649318171829
34,4,19.09110978625882
34,5,19.729838297792575
34,6,19.320005220035217
34,7,19.107687919424
34,8,18.61820531721711
34,9,17.96639499330314
34,10,17.885447180746045
34,11,17.664624290561918
34,12,17.345574089134743
34,13,17.677070194040763
34,14,18.49310178409188
34,15,18.95180151742798
34,16,18.877607547909427
34,17,19.225961955231206
34,18,19.63907913837302
34,19,19.26693981870386
34,20,18.863598970934902
34,21,19.53780487693718
34,22,19.87286557854396
34,23,19.196711145214863
34,24,16.8153244300332
34,25,15.997369485000727
34,26,15.688351864839428
34,27,15.497187001761636
34,28,15.434684893661384
34,29,15.437280442196755
34,30,15.33341544621075
34,31,15.401596851922847
34,32,15.832464207421939
34,33,15.834485687200264
34,34,15.496869205554031
34,35,15.434732266405689
34,36,15.461849283098799
34,37,15.544592833250073
34,38,15.560504340783721
34,39,15.580495694926338
34,40,15.639895802957955
34,41,15.5977258429514
34,42,15.61155428620957
34,43,15.585000365616693
34,44,15.650706720165157
34,45,15.710456949587462
34,46,15.685143678903295
34,47,15.683662659201511
34,48,15.682750540344273
34,49,15.630208140672531
34,50,15.630401200852768
34,51,15.564368573457795
34,52,15.628238045304116
34,53,15.57828955378514
34,54,15.705096381533142
34,55,15.712218925576014
34,56,15.715887351165922
34,57,15.70663438411784
34,58,15.694870280000032
33,0,18.791596400000003
33,1,18.47208433132376
33,2,18.40177152478919
33,3,17.84917951464214
33,4,17.922730368462183
33,5,18.702070707434792
33,6,19.880713901123734
33,7,20.208049560840045
33,8,19.66905879235668
33,9,18.839735448406255
33,10,18.704896637171668
33,11,18.967921976582794
33,12,18.193305199223545
33,13,17.736125060097834
33,14,18.378875343496865
33,15,18.46413614542886
33,16,18.494639768396695
33,17,18.577601998518332
33,18,19.24537671021315
33,19,19.40352010391311
33,20,18.93585880331068
33,21,18.423522276275538
33,22,19.481458559559208
33,23,19.129360408358593
33,24,16.677946351788925
33,25,16.01619899972465
33,26,15.789729626409962
33,27,15.60925351218624
33,28,15.527861477219046
33,29,15.486153411664466
33,30,15.508406188501
33,31,15.752113305625258
33,32,16.000855653280595
33,33,15.807258559485197
33,34,15.49091662044238
33,35,15.447457245948852
33,36,15.423127431117122
33,37,15.538301587660102
33,38,15.479216031234083
33,39,15.549487732999223
33,40,15.567993086093441
33,41,15.644148172656557
33,42,15.572636210379965
33,43,15.523047102464117
33,44,15.60674944633184
33,45,15.730373709492177
33,46,15.77499469870062
33,47,15.749631336970797
33,48,15.71689906861322
33,49,15.684456499937287
33,50,15.659421771961567
33,51,15.590548843918707
33,52,15.618055132299837
33,53,15.694245296961874
33,54,15.676651584273186
33,55,15.738908795796483
33,56,15.712925601238403
33,57,15.701049220767857
33,58,15.694870280000032
32,0,17.933673380000016
32,1,18.030518331267473
32,2,17.931764497246782
32,3,17.586616468096285
32,4,17.639245506158463
32,5,18.147305692286565
32,6,18.705844319716665
32,7,18.860255055441183
32,8,19.05317052985893
32,9,18.709805112789223
32,10,18.767975579982917
32,11,19.85589662871355
32,12,20.30452847794448
32,13,19.42797334900674
32,14,19.459538616742183
32,15,18.831244104722813
32,16,18.11168847497236
32,17,18.10834792911446
32,18,18.326966017361
32,19,18.45910561135247
32,20,18.40350958905766
32,21,17.74770419902568
32,22,18.696368250088952
32,23,18.472115477979347
32,24,17.622274910853058
32,25,16.370093948742998
32,26,15.990373318254544
32,27,15.795009865053581
32,28,15.68807708572973
32,29,15.606110357181791
32,30,15.71156788936731
32,31,15.945914317659259
32,32,16.02791096363922
32,33,15.752312415449811
32,34,15.556791752877942
32,35,15.552905261030315
32,36,15.52471602155607
32,37,15.583423077841946
32,38,15.499042509289698
32,39,15.503028679145114
32,40,15.566211179714585
32,41,15.587773223748831
32,42,15.57113628467436
32,43,15.528655221886984
32,44,15.528538652831728
32,45,15.585851518124981
32,46,15.673853752170547
32,47,15.716628901862462
32,48,15.699043560903945
32,49,15.69986176334295
32,50,15.666165373585432
32,51,15.65118042004974
32,52,15.637593095566556
32,53,15.681518172479276
32,54,15.619392311035107
32,55,15.667227947732819
32,56,15.615001244117499
32,57,15.784100256354012
32,58,15.83159108000001
31,0,18.815522540000018
31,1,18.454842843394022
31,2,18.209689641042473
31,3,17.91091685056836
31,4,17.855091301477827
31,5,18.00745848780941
31,6,18.04511156277708
31,7,18.30968457433619
31,8,18.579409288809178
31,9,18.525793660347226
31,10,18.5704638889547
31,11,19.141066358833157
31,12,20.239860311346085
31,13,20.367067132781006
31,14,19.726168157308116
31,15,19.159294835739292
31,16,18.120532695490585
31,17,17.898828803176546
31,18,18.192698085609628
31,19,18.280632743615776
31,20,18.44933954427526
31,21,18.388498460007593
31,22,18.955110118878256
31,23,18.509383297934455
31,24,16.675964833226008
31,25,15.972193116415312
31,26,15.77199221875666
31,27,15.738034979739018
31,28,15.710106745684662
31,29,15.69597418805423
31,30,16.156221016788354
31,31,16.733797501687242
31,32,16.616393102567283
31,33,15.916656766497855
31,34,15.614920212688945
31,35,15.546360855871402
31,36,15.520096064973508
31,37,15.543052010789362
31,38,15.552805452782835
31,39,15.54499458903515
31,40,15.618470737136239
31,41,15.627367573423212
31,42,15.595847594438176
31,43,15.569448083959305
31,44,15.540718428403816
31,45,15.564385608797739
31,46,15.663037473727558
31,47,15.723146372324184
31,48,15.707793285922882
31,49,15.688171964580485
31,50,15.610923424127051
31,51,15.63561390287319
31,52,15.637429731810336
31,53,15.667705126569636
31,54,15.600832741307697
31,55,15.633373928083804
31,56,15.621405040117239
31,57,15.74055821908914
31,58,15.783738800000037
30,0,18.84628472000003
30,1,18.803676062650155
30,2,18.604083785852566
30,3,18.340379870723112
30,4,18.088355468289603
30,5,17.761827185788132
30,6,17.754294870586897
30,7,18.40053064896951
30,8,18.69342108401141
30,9,18.846634192073672
30,10,18.79744601260432
30,11,18.756861693225364
30,12,18.855838057446565
30,13,18.828363728679207
30,14,18.61839685795942
30,15,18.49571002142996
30,16,18.099688063254316
30,17,17.835122104571834
30,18,17.915259331237294
30,19,18.383059225527013
30,20,18.34861870004623
30,21,18.759669674192153
30,22,19.35403637400193
30,23,19.536898436858053
30,24,18.26282535953609
30,25,16.239844993955103
30,26,15.854022981605475
30,27,15.761738724458011
30,28,15.662942942535189
30,29,15.694636307394616
30,30,16.105608424942233
30,31,17.84206290368564
30,32,18.670720232432217
30,33,17.454260728934607
30,34,15.982096813437423
30,35,15.603900052991543
30,36,15.5074438083692
30,37,15.50824890100624
30,38,15.6077279262153
30,39,15.592270062971444
30,40,15.656886890038546
30,41,15.641472101368773
30,42,15.60413454295513
30,43,15.576160141036034
30,44,15.548938838883831
30,45,15.566640190985797
30,46,15.641849567531246
30,47,15.688970765616968
30,48,15.690875575210727
30,49,15.67858601208956
30,50,15.608616345830377
30,51,15.561892336248892
30,52,15.570831837189727
30,53,15.67737328862027
30,54,15.635612514578792
30,55,15.667058435508734
30,56,15.754549024844197
30,57,15.747417549274658
30,58,15.766648700000019
29,0,18.494228660000033
29,1,18.46903326342057
29,2,18.261477022461065
29,3,17.955993842875916
29,4,17.83165972468285
29,5,17.67325180260075
29,6,17.77319925574118
29,7,18.45860147456511
29,8,19.0625351862097
29,9,19.157277029163538
29,10,18.81478542995224
29,11,18.266359359338413
29,12,18.21901999708182
29,13,18.31354720469644
29,14,18.27162115645895
29,15,18.221274905119678
29,16,18.20660806905554
29,17,18.142552031846552
29,18,18.102774498006184
29,19,18.304146887345762
29,20,18.364184835836525
29,21,18.31004512725358
29,22,19.19844292270856
29,23,19.877739435038002
29,24,19.921559810195713
29,25,17.38379157376226
29,26,16.48966299861927
29,27,16.405167214869703
29,28,15.932186550400623
29,29,15.83678648699874
29,30,15.942913560564747
29,31,17.206013489257693
29,32,18.895417829879182
29,33,18.78450827454178
29,34,16.85757113528667
29,35,15.788204430269863
29,36,15.602528925155184
29,37,15.508982215085705
29,38,15.635122539243135
29,39,15.633900292239671
29,40,15.640833479762453
29,41,15.680204996867818
29,42,15.659870871714899
29,43,15.596089789021507
29,44,15.546185177855108
29,45,15.544523848320349
29,46,15.652113292663746
29,47,15.680819245232767
29,48,15.681281495412748
29,49,15.657616056607349
29,50,15.593398566953837
29,51,15.55374813122471
29,52,15.577792952482099
29,53,15.637573450429555
29,54,15.699284419532061
29,55,15.666449888979962
29,56,15.663813543448917
29,57,15.63070682778395
29,58,15.60258374
28,0,18.767670260000045
28,1,18.547083876121132
28,2,18.330347531553503
28,3,18.076841689952165
28,4,17.882598763174077
28,5,17.836836971465296
28,6,17.882011263112407
28,7,17.98487128872054
28,8,17.902767237524824
28,9,17.643916374447098
28,10,17.441519505199302
28,11,17.576538078436226
28,12,17.636842656436983
28,13,18.043248158982518
28,14,18.464410348674708
28,15,18.32888410175797
28,16,18.170188567837798
28,17,18.077518313721537
28,18,17.980011161988383
28,19,18.063507861491395
28,20,18.12635753303492
28,21,18.32642040199087
28,22,18.972932875439568
28,23,19.338706848878232
28,24,19.82210921995349
28,25,19.33349703484151
28,26,17.45341933918792
28,27,16.866132496436933
28,28,16.15324260834744
28,29,15.801342745631308
28,30,15.662937626897957
28,31,15.83929446263151
28,32,16.993427772777856
28,33,18.76721075248277
28,34,18.70987236989712
28,35,16.94732642962465
28,36,16.061867611409465
28,37,15.61540401897191
28,38,15.662128134587103
28,39,15.666418027509637
28,40,15.604877914027194
28,41,15.660900306447259
28,42,15.644363789359073
28,43,15.591120619479161
28,44,15.57162021630647
28,45,15.562555692013479
28,46,15.692206680307962
28,47,15.693239898251887
28,48,15.663156153339942
28,49,15.70429107609404
28,50,15.628352857838799
28,51,15.546338295893044
28,52,15.601849061023827
28,53,15.58388430680906
28,54,15.709508283798446
28,55,15.658113789232736
28,56,15.672720245869407
28,57,15.661617549039477
28,58,15.647018000000003
27,0,18.41903222000002
27,1,18.38646901088186
27,2,18.46425167438703
27,3,18.626801450042695
27,4,18.438450465484202
27,5,18.071409676341798
27,6,17.604947080933098
27,7,17.753409443962084
27,8,17.82543283914696
27,9,17.870567778123192
27,10,17.900503886349462
27,11,17.646512446636326
27,12,17.59382440059302
27,13,17.38874713662831
27,14,17.518612574930486
27,15,17.601523316426608
27,16,17.808883409147995
27,17,18.122668739741812
27,18,17.89057731453289
27,19,17.431950432543474
27,20,17.413779888521717
27,21,17.911778510883646
27,22,18.722118761875823
27,23,18.84106799280096
27,24,18.74836268128809
27,25,18.564570474036255
27,26,18.82353872951662
27,27,17.10584374786983
27,28,16.156662121794334
27,29,15.89501603176
27,30,15.680390719496522
27,31,15.444209235563186
27,32,15.411985506320258
27,33,16.897175258879543
27,34,19.334532539063378
27,35,19.74293665056259
27,36,18.196447875937213
27,37,16.003327986935687
27,38,15.625393897082326
27,39,15.671682363774588
27,40,15.509813862860806
27,41,15.676300835667089
27,42,15.659939275990256
27,43,15.641873691138954
27,44,15.561666011221451
27,45,15.497184359923798
27,46,15.624122258149171
27,47,15.700118505312295
27,48,15.643645017917045
27,49,15.655628346516098
27,50,15.62608954437096
27,51,15.518245641353436
27,52,15.53998152098877
27,53,15.507978818912981
27,54,15.668214426777268
27,55,15.676632134540315
27,56,15.656681005736306
27,57,15.661006345732385
27,58,15.653854040000056
26,0,18.559171040000024
26,1,18.29726742789103
26,2,18.156524961499755
26,3,18.352768143950087
26,4,18.240304624217963
26,5,17.820325061722194
26,6,17.37231411174885
26,7,17.766338803794664
26,8,18.119036370324753
26,9,18.50022319023803
26,10,18.431169547002803
26,11,17.75444819716783
26,12,17.293895600297926
26,13,17.328955503588368
26,14,17.671327199071605
26,15,17.889113456839112
26,16,18.174663551578
26,17,18.383589213051977
26,18,18.249408582483312
26,19,17.716974974660122
26,20,17.473411127891723
26,21,17.58633241148388
26,22,18.400460252501418
26,23,18.591950522925934
26,24,18.544878421407134
26,25,18.55297644798315
26,26,18.745319491560856
26,27,18.84361988092111
26,28,17.335274326067022
26,29,16.60158739013982
26,30,16.247106865247872
26,31,16.12917048746216
26,32,15.841292356335803
26,33,16.334618441178815
26,34,18.397926202307993
26,35,20.13752862830657
26,36,19.384486075229415
26,37,16.889876921994606
26,38,15.716177938405187
26,39,15.672495180707298
26,40,15.523078827240981
26,41,15.719422799021958
26,42,15.766918842510403
26,43,15.7715758531731
26,44,15.659944746161958
26,45,15.578000758746395
26,46,15.609369946817335
26,47,15.670909699033217
26,48,15.666907401983138
26,49,15.660887624760107
26,50,15.621437922618776
26,51,15.533815113190453
26,52,15.501614465285208
26,53,15.536981481154323
26,54,15.707549960194866
26,55,15.758235007500279
26,56,15.659457700045136
26,57,15.657064474436279
26,58,15.657272060000025
25,0,18.48397460000001
25,1,18.26630700147745
25,2,18.14974962680213
25,3,18.27356154580274
25,4,18.39216442233029
25,5,17.95884364643011
25,6,17.469510663090695
25,7,17.459223711975675
25,8,17.85471228396738
25,9,18.56824925089836
25,10,18.417153653090804
25,11,17.280275724221404
25,12,17.36886546455925
25,13,17.456858494810195
25,14,17.716496865909065
25,15,18.003363616698067
25,16,18.391334713007737
25,17,19.04012203033895
25,18,18.743931890549554
25,19,18.251143264757506
25,20,17.99159699684006
25,21,17.991350119010203
25,22,18.402649175214933
25,23,18.495640596153546
25,24,18.521932638667987
25,25,18.611312133591426
25,26,18.452457745060457
25,27,18.492474515110995
25,28,17.644634008349847
25,29,17.506332157697916
25,30,17.679509409344234
25,31,17.833783242534814
25,32,18.054517609535765
25,33,17.59227856895454
25,34,17.848647101664064
25,35,19.35408165965653
25,36,19.893085966014674
25,37,18.705337716339184
25,38,17.442242977195466
25,39,16.95519137247026
25,40,16.17654148005322
25,41,16.642889294996408
25,42,17.280125068584944
25,43,17.387480548528558
25,44,16.261303108907224
25,45,15.779482028710632
25,46,15.642418202439146
25,47,15.666410476878562
25,48,15.767318688347476
25,49,15.749285542107025
25,50,15.630769726259789
25,51,15.579021078045237
25,52,15.562815026906065
25,53,15.582295112100239
25,54,15.676182770752071
25,55,15.746432500030037
25,56,15.610259734306114
25,57,15.701689478788028
25,58,15.71537840000002
24,0,18.873628880000012
24,1,18.5136090020838
24,2,18.4104966187758
24,3,18.698331344667874
24,4,18.898492554634302
24,5,18.509706964716713
24,6,17.861069233997043
24,7,17.856194593106316
24,8,18.004553965981508
24,9,18.529984017450726
24,10,18.35407540647025
24,11,17.57973632830743
24,12,17.410616448926255
24,13,17.62289767494314
24,14,17.95438317368931
24,15,17.870676247344214
24,16,18.09615736627898
24,17,18.930530438617176
24,18,19.06676307394479
24,19,18.641481238547662
24,20,18.41806202131639
24,21,18.221022768365398
24,22,18.69460243200543
24,23,18.85730132202594
24,24,18.675027664113077
24,25,17.949319313784343
24,26,17.98783112723104
24,27,18.387584504718156
24,28,17.314212940430913
24,29,17.186826348596973
24,30,17.948112919093774
24,31,18.239216337086887
24,32,18.105942825584194
24,33,17.76170500661519
24,34,17.20432983471295
24,35,17.426384536154522
24,36,18.31576652683723
24,37,19.17366017378132
24,38,18.942606871121363
24,39,19.235123152197023
24,40,18.871621960167424
24,41,19.336367735595626
24,42,20.30111630128131
24,43,20.646846392787282
24,44,18.08959814017986
24,45,16.541308858147573
24,46,15.917592457934806
24,47,15.711027527981042
24,48,15.724717400221355
24,49,15.716769385617265
24,50,15.60151455127743
24,51,15.478570742260894
24,52,15.464041596064064
24,53,15.56509260775124
24,54,15.657510255036874
24,55,15.678889107676945
24,56,15.61372134372981
24,57,15.708706994780108
24,58,15.725632460000043
23,0,19.129980380000006
23,1,18.947921019091616
23,2,19.002712163747503
23,3,19.298849636665892
23,4,19.466509711481734
23,5,18.96623607629169
23,6,18.081768681327176
23,7,18.050385109458325
23,8,17.99587657740963
23,9,18.344371674313305
23,10,18.41707069002023
23,11,18.23424109248527
23,12,18.69220743009399
23,13,18.40627554368284
23,14,18.157006050550585
23,15,18.03803476042837
23,16,18.027891415601083
23,17,18.494757252584566
23,18,19.035844899188504
23,19,18.81270576005265
23,20,18.496764629994605
23,21,18.246194429020534
23,22,18.42445607387205
23,23,18.546893613372433
23,24,18.530955208420234
23,25,18.23996696489195
23,26,17.979255247829357
23,27,18.4180556534067
23,28,17.55727428605066
23,29,17.17050144754338
23,30,18.32049774941894
23,31,18.90579893902626
23,32,18.964886240429337
23,33,19.075910320576895
23,34,18.610094796204248
23,35,18.284622132037327
23,36,18.650668863819142
23,37,19.199258812456808
23,38,19.352581104019514
23,39,19.619097528859264
23,40,19.277474299740827
23,41,19.59906931475214
23,42,20.12825422274349
23,43,21.114101918829824
23,44,19.64896459702576
23,45,18.398627129536802
23,46,17.1765601986402
23,47,16.257474638790985
23,48,15.998307828503227
23,49,15.835210396214574
23,50,15.872873867140896
23,51,15.775508572132239
23,52,15.673903762277014
23,53,15.698672968489237
23,54,15.787837478388056
23,55,15.826142395189516
23,56,15.831719775788422
23,57,16.08541662549802
23,58,15.71537840000002
22,0,18.412196180000024
22,1,17.93966134680268
22,2,17.77489397071662
22,3,17.835947221390757
22,4,18.005457755202322
22,5,18.28841176591156
22,6,18.28716080430214
22,7,17.86266970544411
22,8,17.367334167946453
22,9,17.476155197371135
22,10,17.513245472235173
22,11,17.394184090093706
22,12,17.559686547131484
22,13,17.985118655392288
22,14,18.362974210528353
22,15,17.951033880184063
22,16,17.71318400702895
22,17,17.799225204328398
22,18,18.140805737844634
22,19,18.336494988179624
22,20,18.25077884698441
22,21,18.19354134217886
22,22,18.377342499105232
22,23,18.61345634470597
22,24,18.983796669972325
22,25,18.976096382404037
22,26,18.58135763453867
22,27,18.49696469349336
22,28,18.375528712022696
22,29,17.87802022491514
22,30,18.494981213992837
22,31,19.668445637702774
22,32,20.401200167623504
22,33,21.323400042239562
22,34,21.616484454183052
22,35,21.478961206659633
22,36,21.525043030522916
22,37,21.000230944075007
22,38,20.0400546617232
22,39,19.770442639547223
22,40,19.626303695968232
22,41,19.912993353484524
22,42,20.12316626189971
22,43,20.818992505259487
22,44,20.580372595672507
22,45,19.127654821793367
22,46,18.879985726650123
22,47,18.20975950720434
22,48,17.78681916560251
22,49,17.508415106492105
22,50,17.323800054411052
22,51,17.549145670560065
22,52,17.527213237759263
22,53,17.166059921408213
22,54,16.93231622487813
22,55,17.042048421621974
22,56,17.153295837525548
22,57,17.697731618686454
22,58,17.376536120000026
21,0,17.60212544000001
21,1,17.78408211430613
21,2,18.133530750877856
21,3,18.541518825221164
21,4,18.314508294558458
21,5,18.045307188391135
21,6,18.289361015942852
21,7,18.057586338916224
21,8,17.795031940641675
21,9,17.81207134497602
21,10,17.703390888852205
21,11,17.904891201696106
21,12,18.121481233845728
21,13,18.44770523202682
21,14,18.78312211844611
21,15,18.601406712790507
21,16,18.34807466574467
21,17,18.251144034617223
21,18,18.349712261370875
21,19,18.52636062681102
21,20,18.411912242695447
21,21,18.201908153624352
21,22,18.505212106409026
21,23,18.740076469173164
21,24,19.03939823948817
21,25,18.983046282916845
21,26,18.731697847420467
21,27,18.605067496517762
21,28,18.63622162108045
21,29,18.44726634755087
21,30,18.525310197801097
21,31,19.072911052002443
21,32,19.671230483479363
21,33,20.550703130444813
21,34,21.185702461011253
21,35,21.27383383977376
21,36,21.582076410265795
21,37,21.437942296948567
21,38,20.316655357248084
21,39,19.957307108229493
21,40,20.04148422256511
21,41,20.466129195733945
21,42,20.76664423451424
21,43,21.279285010327136
21,44,20.947287018368257
21,45,19.866294956128666
21,46,18.70002079072818
21,47,18.723307848345375
21,48,18.79901368457498
21,49,18.95023570192808
21,50,19.01670472818253
21,51,19.23551118338493
21,52,19.37600342028547
21,53,19.050513452557865
21,54,19.199803697793165
21,55,19.39311341172996
21,56,19.096964714327527
21,57,18.849369325581712
21,58,19.201758799999993
20,0,18.02254190000002
20,1,18.404053891278014
20,2,18.60361042734886
20,3,18.970640497961107
20,4,18.944894944584682
20,5,18.268264300363903
20,6,17.892221454337516
20,7,17.972696973992537
20,8,17.881664382202274
20,9,17.58152174811209
20,10,17.522756599120576
20,11,17.969688966319765
20,12,17.892238416974738
20,13,18.038425425947917
20,14,18.52503357337843
20,15,18.749035806998172
20,16,18.742507979664303
20,17,18.59706663245401
20,18,18.672203314558192
20,19,18.84278745269869
20,20,18.79133799169706
20,21,18.612825794824627
20,22,18.881466221737405
20,23,18.85552367696591
20,24,18.70626640110469
20,25,18.58805247816929
20,26,18.721612836344267
20,27,19.024100064049243
20,28,19.05602736275655
20,29,18.80762593468096
20,30,18.015072743101722
20,31,17.496463267572366
20,32,17.491593890112743
20,33,17.42239512174042
20,34,17.254801863594576
20,35,17.67392592552519
20,36,18.811199462908075
20,37,19.86451752429742
20,38,19.953539210686937
20,39,19.129420413468775
20,40,18.753977529307956
20,41,18.904684125697013
20,42,19.19476702425333
20,43,19.32174675183066
20,44,19.787019098855072
20,45,19.768872061843034
20,46,19.267062417467514
20,47,18.684359376262673
20,48,18.619827152067156
20,49,18.912619846293417
20,50,18.85112376323881
20,51,18.747545160506945
20,52,18.89963221124239
20,53,18.89852423149465
20,54,19.580925399375154
20,55,19.92588850780807
20,56,19.76984187702861
20,57,19.433273735059696
20,58,19.485454460000028
19,0,18.53866291999998
19,1,18.562757198642235
19,2,18.264791650306766
19,3,18.481944138048092
19,4,18.74427066466161
19,5,18.626805082952046
19,6,18.386451972500893
19,7,18.260861093100228
19,8,18.175857630325062
19,9,18.121176485516983
19,10,18.035645104823118
19,11,18.29957646373808
19,12,18.13444391853593
19,13,18.140199668304
19,14,18.59225777720488
19,15,18.935783750587262
19,16,18.96638326035092
19,17,18.871349599889392
19,18,18.74274383329533
19,19,18.801640059601645
19,20,18.75564871663437
19,21,19.013172534794716
19,22,19.17660616652204
19,23,19.118984554581235
19,24,18.90464949193742
19,25,19.045868606692046
19,26,18.9540163025074
19,27,19.099198333458766
19,28,19.06420217613502
19,29,18.981851111129266
19,30,18.17740205202441
19,31,16.81174875588778
19,32,16.263695763004353
19,33,16.570127963696294
19,34,17.02498090748919
19,35,17.451333186513864
19,36,17.64876653604273
19,37,18.170958207657712
19,38,18.301386016610593
19,39,17.692224140116164
19,40,17.291229064277157
19,41,16.884176436335178
19,42,17.151198511947406
19,43,17.231358990176084
19,44,18.23372434155801
19,45,18.68548957127445
19,46,18.61720033303632
19,47,18.224430838894698
19,48,18.043247961994286
19,49,18.373069438368077
19,50,18.777297273306242
19,51,18.804818746226186
19,52,18.3225135153178
19,53,17.366207112158193
19,54,17.706643637092608
19,55,18.007149369390618
19,56,17.908321335579963
19,57,18.524200515871332
19,58,18.31990963999999
18,0,18.41561420000005
18,1,18.295749464944592
18,2,17.967572704160993
18,3,17.99684123968042
18,4,18.73079616458496
18,5,19.03594553720048
18,6,18.880049692563507
18,7,18.62361889281074
18,8,18.381905317920022
18,9,18.29958565618992
18,10,18.114083114593733
18,11,17.938437632962994
18,12,18.163471872238812
18,13,18.43629357482201
18,14,18.572352656715424
18,15,18.444206864586498
18,16,18.715213165758342
18,17,18.92480031698045
18,18,18.87191108272145
18,19,18.93533424198511
18,20,18.81381860823501
18,21,18.692166203820953
18,22,18.94950825753749
18,23,18.85751459211444
18,24,18.826795087841887
18,25,18.80396654501189
18,26,18.881880612730267
18,27,19.264065630112075
18,28,18.967480022638707
18,29,18.85045197709377
18,30,18.432355342207558
18,31,17.773210127066612
18,32,17.480384847745576
18,33,17.15752489542932
18,34,17.036568635286947
18,35,17.03434016315445
18,36,17.307800826688336
18,37,17.09124251826127
18,38,17.497023700297714
18,39,17.55850645759187
18,40,18.125265280535935
18,41,18.15784853838965
18,42,18.005083972122492
18,43,18.01329162821882
18,44,18.533847716276828
18,45,18.78536067140303
18,46,18.56809802056932
18,47,18.15446750946439
18,48,17.89871272465188
18,49,18.02128339938748
18,50,18.301751292966152
18,51,18.6163955045353
18,52,18.303297942116124
18,53,17.067052257387605
18,54,16.83531531094411
18,55,17.15428482483652
18,56,17.085562354890033
18,57,17.977457169275503
18,58,18.00545180000006
17,0,18.47030252000002
17,1,17.94589973351918
17,2,17.78059975804687
17,3,17.752514429634967
17,4,18.186772576920944
17,5,18.741608988471064
17,6,18.834739993661024
17,7,18.54322387551306
17,8,17.990779815787736
17,9,17.815601034321045
17,10,17.72209592323108
17,11,17.750547356018675
17,12,18.21384611261008
17,13,18.26746189911224
17,14,18.355594818684715
17,15,17.931994345773365
17,16,17.786252380708653
17,17,17.96578911927777
17,18,18.389150968147057
17,19,18.553958952362052
17,20,18.766534512048015
17,21,18.562244502601647
17,22,18.433834739926194
17,23,18.177439324144764
17,24,18.136761450145976
17,25,18.461852890514297
17,26,18.695708635190453
17,27,19.157567024249108
17,28,19.163846898970757
17,29,19.280339443932746
17,30,18.96463953926404
17,31,18.11956482144436
17,32,17.667952234659968
17,33,17.337671743616372
17,34,17.286602666337227
17,35,17.207403755090446
17,36,17.363822329417793
17,37,17.89706994482688
17,38,18.52975475431634
17,39,19.052130640287256
17,40,20.001029672777175
17,41,20.173715342367462
17,42,19.345633146334716
17,43,18.71241343562659
17,44,19.02343715150798
17,45,18.967926205010706
17,46,18.731096064951515
17,47,18.47252933636942
17,48,18.232587542783428
17,49,18.35155651427268
17,50,18.581582253920146
17,51,18.555909861483563
17,52,18.568915445344487
17,53,18.127108731727443
17,54,17.707783463368212
17,55,17.710566071038595
17,56,17.268784604883734
17,57,17.253386855201985
17,58,17.10651254000004
16,0,18.983005520000006
16,1,17.866149896559236
16,2,17.686310878452417
16,3,17.918053484821186
16,4,18.02595726704954
16,5,18.074719297002083
16,6,18.1617292251952
16,7,18.167972386018125
16,8,17.90130394678664
16,9,17.704081786049898
16,10,17.736902125713847
16,11,17.92739018460485
16,12,18.549767557820086
16,13,18.475153279913812
16,14,18.643996475185595
16,15,18.127799995483613
16,16,17.960743636861885
16,17,18.066038236546895
16,18,18.342555049288787
16,19,18.58451615814497
16,20,18.667273995689115
16,21,18.609589160380317
16,22,18.37486348307011
16,23,18.030857854939235
16,24,17.752036851336754
16,25,18.238793847068116
16,26,18.57389914262633
16,27,18.78672574944136
16,28,18.960871157581735
16,29,19.10256576563871
16,30,19.027776629527075
16,31,18.260874187672
16,32,17.771846652219587
16,33,17.673383820540536
16,34,17.666432008897942
16,35,18.25003269115873
16,36,18.361825159972447
16,37,19.127810004041834
16,38,19.84162278443302
16,39,20.215125629473913
16,40,20.74466202479175
16,41,20.292836550427168
16,42,19.188279200574385
16,43,18.27138756299111
16,44,18.484023148232097
16,45,18.648321753191972
16,46,18.636271377564256
16,47,18.335388509732226
16,48,18.062264560718592
16,49,18.15209989887255
16,50,18.866617346017286
16,51,19.271886772908836
16,52,19.4790981536775
16,53,19.057241439587237
16,54,18.39033802592264
16,55,18.206181433680477
16,56,18.601825809137093
16,57,18.33420701972503
16,58,18.14217259999998
15,0,20.13487826000005
15,1,18.99332961738715
15,2,18.0869200578254
15,3,17.931620489351342
15,4,18.175861023989842
15,5,18.168705788530723
15,6,17.97817646187263
15,7,18.13754817507082
15,8,18.241426057378575
15,9,18.372176793463904
15,10,18.316338115249945
15,11,18.030383176941978
15,12,18.79333391651649
15,13,19.030005698944805
15,14,19.042227142947233
15,15,18.861157780592954
15,16,18.847182407388004
15,17,19.103243998148347
15,18,19.144249691672773
15,19,19.161494479535367
15,20,18.851009202893334
15,21,18.467653011121293
15,22,18.36348677317614
15,23,18.03251086060443
15,24,17.334739229197353
15,25,17.341620178536047
15,26,17.963875494263217
15,27,18.62238713874392
15,28,18.45994549829412
15,29,18.630449045914148
15,30,18.604425536100855
15,31,18.576076571276854
15,32,18.593048957205887
15,33,18.388144371580726
15,34,17.7189845391106
15,35,17.966591359121434
15,36,18.84828899088057
15,37,19.7959082264202
15,38,20.992507485506344
15,39,21.300207833018078
15,40,21.016328510730244
15,41,19.631920354581684
15,42,18.66154414819568
15,43,18.04381382157835
15,44,18.736355405909176
15,45,18.82265391847751
15,46,18.455689017734446
15,47,18.17190432303556
15,48,17.70497886322828
15,49,17.620830369941498
15,50,18.747293507178608
15,51,19.95937562909136
15,52,20.689356606202228
15,53,20.381221688023153
15,54,19.14211523948423
15,55,18.457128321390318
15,56,18.333196603347385
15,57,18.540654829047536
15,58,18.791596400000003
14,0,19.38291386000003
14,1,19.237551503600073
14,2,19.070732290459738
14,3,18.73703738451353
14,4,18.543568910842897
14,5,18.647334462629566
14,6,18.57538489724454
14,7,18.4960824121631
14,8,18.651181524978476
14,9,18.560890111732522
14,10,18.46333190143907
14,11,18.195500170857517
14,12,18.497476135502165
14,13,18.768330195172982
14,14,18.71448382274407
14,15,18.984084419262846
14,16,19.231521960029227
14,17,19.521064984676453
14,18,19.648832920645145
14,19,19.682570143513082
14,20,18.895034531883955
14,21,18.245987693691205
14,22,18.385062602851097
14,23,17.911680449087534
14,24,17.103883692120142
14,25,17.010339886056617
14,26,17.35600067569128
14,27,17.955874279018
14,28,18.300749658813317
14,29,18.443815022862566
14,30,18.800300753017538
14,31,18.422136984727672
14,32,18.706902214249922
14,33,19.478090649282088
14,34,19.150677177029824
14,35,18.393861864326432
14,36,18.505473713477265
14,37,19.83302660898795
14,38,21.59358820481213
14,39,21.963141242127335
14,40,21.205260827650697
14,41,19.817095429998787
14,42,18.97661355161862
14,43,18.963765219443356
14,44,19.755169676414177
14,45,20.139193049910148
14,46,19.44452504051158
14,47,18.599642197059495
14,48,18.155302270433808
14,49,17.36579351409477
14,50,17.504016133332343
14,51,18.34190775778326
14,52,19.243079699567094
14,53,19.87642696511095
14,54,19.236270043002538
14,55,18.662890906607753
14,56,17.719196398486403
14,57,17.899380621687907
14,58,17.626051580000023
13,0,18.114828439999997
13,1,18.492924644641214
13,2,19.124151226137105
13,3,19.25510627253494
13,4,19.21426281675633
13,5,18.542225274779334
13,6,18.496197105136446
13,7,18.244603907485256
13,8,17.974909413399708
13,9,18.083441461154884
13,10,18.260087269325304
13,11,18.361015853676008
13,12,18.522306067283683
13,13,18.624901375771937
13,14,18.667640609220037
13,15,18.860143785048137
13,16,19.14682559618172
13,17,19.539935696799592
13,18,19.717079421103623
13,19,19.71192684365702
13,20,18.99321105707181
13,21,18.226730104294663
13,22,18.382767828827173
13,23,18.02296264696436
13,24,17.52844780710287
13,25,17.47856355756914
13,26,17.643610210075945
13,27,18.300922830833983
13,28,19.455848878821563
13,29,19.370266424045123
13,30,19.03879164645001
13,31,18.470877144953867
13,32,18.344925019786857
13,33,19.097458845867017
13,34,19.32257554197028
13,35,18.735204441140038
13,36,18.197133538388044
13,37,18.684821302907775
13,38,20.126808811718696
13,39,20.994792445823794
13,40,20.8263463919591
13,41,19.80289008787394
13,42,19.044825783771902
13,43,19.19034882338413
13,44,19.7596779454234
13,45,19.743285125364626
13,46,19.00397059148152
13,47,18.643756378835125
13,48,18.21868579043655
13,49,17.607190451349226
13,50,17.014652532605123
13,51,16.835360501822162
13,52,17.45031206440221
13,53,18.798374402547424
13,54,19.385820413289718
13,55,19.068136806858796
13,56,18.229708083380316
13,57,17.89650103231486
13,58,17.971271600000023
12,0,17.906329220000032
12,1,18.129085957259836
12,2,18.398231024890897
12,3,18.705899187688775
12,4,19.435901027276607
12,5,20.062134836493833
12,6,19.891700107409207
12,7,19.410731406933007
12,8,18.553985085830874
12,9,18.19152498773522
12,10,18.301827725637143
12,11,18.43779503840761
12,12,18.357604081032996
12,13,18.287901739931087
12,14,18.28110892740373
12,15,18.30678667413385
12,16,18.568096646127124
12,17,18.955641353319933
12,18,19.173128274260463
12,19,19.181283856543693
12,20,18.748428380704638
12,21,18.30252773428724
12,22,18.29157889312293
12,23,18.330063459639987
12,24,17.906464022762655
12,25,18.028237473368687
12,26,18.04292403930022
12,27,18.00242328054098
12,28,18.761175710838724
12,29,19.121444764985853
12,30,19.02470688501985
12,31,18.830632026059426
12,32,18.611080883175987
12,33,18.54766770814498
12,34,18.532955765483138
12,35,18.359591223782175
12,36,17.934163526295436
12,37,17.41738083551205
12,38,17.846281338500887
12,39,19.015075832578006
12,40,20.278330480131416
12,41,19.682489139068014
12,42,19.13238922204718
12,43,18.716071163649776
12,44,17.83775587978389
12,45,18.008463331677966
12,46,18.05951302481283
12,47,18.117448594502306
12,48,17.89950858891442
12,49,17.059313087747466
12,50,16.454133117456777
12,51,16.45379487238371
12,52,16.843975494012493
12,53,17.8579158544224
12,54,19.023743955061185
12,55,19.249469030867566
12,56,18.936269507534377
12,57,18.487381137307242
12,58,18.53866291999998
11,0,17.868731000000025
11,1,18.10355689612119
11,2,18.6550935424152
11,3,19.008370304028738
11,4,19.476520476591677
11,5,20.411761839338453
11,6,21.25099904239763
11,7,21.382280255920435
11,8,20.286118725587563
11,9,19.12772559632502
11,10,18.716659104977857
11,11,18.36263219712596
11,12,18.466682188149097
11,13,18.533576592641097
11,14,18.652591191104303
11,15,18.34195833463285
11,16,18.28667486641811
11,17,18.35203708654016
11,18,18.556141685932058
11,19,18.651029030405947
11,20,18.561724413755428
11,21,18.043915605479036
11,22,17.93979585450328
11,23,18.08445849906609
11,24,18.102077570749167
11,25,17.972699622679016
11,26,17.968822282728897
11,27,17.834668910003227
11,28,17.780105797093785
11,29,17.91703536910249
11,30,18.11527197306699
11,31,18.517668456184353
11,32,18.451420960682277
11,33,18.487329951208213
11,34,18.336458722247137
11,35,18.23967185173989
11,36,18.376506191856762
11,37,18.034355690808304
11,38,17.784919865465312
11,39,18.575468104149746
11,40,19.707885270755114
11,41,19.909816779801872
11,42,19.542912909333058
11,43,18.59269190625875
11,44,18.64943599477967
11,45,19.26698841587781
11,46,20.02492530988831
11,47,19.85863160257295
11,48,19.620407118911846
11,49,19.05848187298973
11,50,18.95373960999123
11,51,19.183696543228727
11,52,19.06615817387244
11,53,18.337542432488462
11,54,17.532172034587923
11,55,18.18673020692046
11,56,18.80133154306884
11,57,19.95443614510734
11,58,19.86143665999998
10,0,18.781342340000037
10,1,19.012719963073774
10,2,19.533425201021007
10,3,20.15333611248019
10,4,20.910694392873502
10,5,21.46143843387716
10,6,21.840412954840453
10,7,22.309385025838196
10,8,21.706961857673846
10,9,20.164652478374357
10,10,19.577703923117102
10,11,18.766252091725175
10,12,18.766957192653464
10,13,20.331451836532857
10,14,22.880330138875678
10,15,20.261921584962906
10,16,19.255121747854496
10,17,18.567766984778046
10,18,18.305397556574647
10,19,18.4067782622324
10,20,18.309764546079325
10,21,18.11850671670854
10,22,17.918477385791373
10,23,18.20234038630236
10,24,18.519712305025106
10,25,18.50759663280155
10,26,18.62203649370528
10,27,18.33130265228418
10,28,17.814515470062666
10,29,17.735650458838432
10,30,17.908781746781365
10,31,17.757783975074354
10,32,17.547849868485457
10,33,17.79702125748818
10,34,18.428380839959942
10,35,18.313033554455128
10,36,18.100985070060595
10,37,18.22327434486211
10,38,17.753561428299314
10,39,18.177250856038423
10,40,19.248427223739874
10,41,20.086496807826894
10,42,20.191540494687743
10,43,19.44862006757345
10,44,19.848158635908472
10,45,20.68746128194993
10,46,21.785824331771536
10,47,21.749339021939146
10,48,21.525332882222383
10,49,20.96504961300469
10,50,20.326992591008533
10,51,20.621455569996048
10,52,20.66569521318757
10,53,19.698783388468826
10,54,19.361862149868678
10,55,18.752293799579782
10,56,18.515515017953852
10,57,19.242744472725022
10,58,19.29062732
9,0,19.618757240000036
9,1,19.029964032388914
9,2,19.132754964056936
9,3,19.368404475102064
9,4,19.241347432818184
9,5,19.346560871848638
9,6,19.634106562822414
9,7,20.655861608588154
9,8,21.93323376632297
9,9,22.267834993247348
9,10,22.07142416501931
9,11,20.669258557139035
9,12,19.7755592883274
9,13,20.876406835651583
9,14,21.794313046886426
9,15,20.244738532404785
9,16,19.48742267404943
9,17,18.961466493841876
9,18,18.217024170528916
9,19,18.086208171891396
9,20,18.241606871261215
9,21,18.09030961835782
9,22,17.90287347274857
9,23,18.243958696359247
9,24,18.94657972589999
9,25,19.18367154365445
9,26,19.508166261012143
9,27,19.75454266800962
9,28,19.179905124629684
9,29,18.52065548674018
9,30,18.984017887458894
9,31,18.859059950550172
9,32,18.333025259991366
9,33,17.712698565240686
9,34,17.800202140313583
9,35,18.147937299083218
9,36,18.54232829814825
9,37,18.811238966669805
9,38,18.762117503848216
9,39,18.605728696164153
9,40,19.10899169848621
9,41,19.868660275458765
9,42,20.48836156345538
9,43,20.75234455189242
9,44,20.069311052811397
9,45,20.48259619382964
9,46,21.766789206446504
9,47,22.454313564990606
9,48,22.692346381150582
9,49,22.930965362917554
9,50,22.485353064428928
9,51,22.042760078111897
9,52,22.201387116978406
9,53,21.41287278044745
9,54,20.043272625412087
9,55,19.63459778445228
9,56,18.724960333113703
9,57,18.020361624533503
9,58,17.902911200000005
8,0,19.782822200000055
8,1,19.037041162585876
8,2,19.178917544348636
8,3,19.369310916067718
8,4,19.23164647393911
8,5,19.109354156834158
8,6,19.282587001007116
8,7,20.439872343156306
8,8,22.13476760099113
8,9,23.183875940184443
8,10,23.38171148437938
8,11,22.07113088538954
8,12,20.755207164704416
8,13,20.578757902710116
8,14,19.93089498450422
8,15,18.873530270081332
8,16,18.5066812667059
8,17,18.24864884828815
8,18,18.050621146421378
8,19,18.19924152329401
8,20,18.441884764528908
8,21,18.2824542251827
8,22,17.939599545935497
8,23,17.812709808619324
8,24,18.058260204743565
8,25,18.601956335622752
8,26,19.044738976724403
8,27,19.372157207428856
8,28,19.304305298313306
8,29,18.992390626324713
8,30,19.519944339381205
8,31,19.247762970617142
8,32,18.749814193384015
8,33,18.00381798494017
8,34,17.756568452133738
8,35,17.988404675353276
8,36,18.687920616482444
8,37,19.466157174918187
8,38,19.750574770475936
8,39,19.61231928720686
8,40,19.638950860065304
8,41,20.1658083320175
8,42,20.59551452112078
8,43,20.88973809395009
8,44,19.845628884832784
8,45,19.725774232624424
8,46,20.483528092449433
8,47,21.404319366129023
8,48,21.961434578733787
8,49,22.32280177020799
8,50,22.536437453371242
8,51,22.35096222256253
8,52,22.39982111436558
8,53,21.562130729604903
8,54,19.699562122525883
8,55,18.92735277460267
8,56,18.613650008559766
8,57,18.502845439410265
8,58,18.603605300000027
7,0,19.40342198000002
7,1,18.62534916008662
7,2,18.89250788904851
7,3,19.204338482920758
7,4,19.32799934264196
7,5,19.570064265718848
7,6,19.967488935962557
7,7,20.688781400954536
7,8,22.158091132694565
7,9,23.16255016956944
7,10,23.16445014451115
7,11,22.521769382876194
7,12,21.160437243044434
7,13,20.59676447903179
7,14,19.635395676034854
7,15,18.967691843852926
7,16,18.675470736105922
7,17,18.121725689432008
7,18,17.966255029383667
7,19,18.379872692679527
7,20,18.534466976500315
7,21,18.33054598295253
7,22,18.115503380880014
7,23,17.979535424993266
7,24,17.96137555447183
7,25,17.94452725589384
7,26,17.904321683365815
7,27,18.035551025484388
7,28,18.754391703655
7,29,18.935408983254575
7,30,19.40008123364522
7,31,19.37716820808304
7,32,19.185684213984423
7,33,19.022823066048428
7,34,18.723380302877725
7,35,18.550837079629893
7,36,18.59928501398246
7,37,19.14503499314458
7,38,19.93379355442806
7,39,20.453664891237807
7,40,20.650168764613827
7,41,20.840808005521787
7,42,21.144546303662544
7,43,20.935602798449278
7,44,20.700546913322757
7,45,20.606694268936025
7,46,20.633092719579302
7,47,20.858199291127146
7,48,21.45115525319771
7,49,21.792947923318913
7,50,21.821469624752336
7,51,21.755044530314084
7,52,21.734019201368696
7,53,21.100432657376953
7,54,19.3661725757187
7,55,18.15407642235299
7,56,17.81130543479811
7,57,17.988577046419834
7,58,18.13533656000004
6,0,19.471782380000036
6,1,18.349365875177867
6,2,18.572387875021448
6,3,19.308914262168418
6,4,19.575968287102707
6,5,19.575308682527044
6,6,19.878410143556092
6,7,19.954140795698088
6,8,20.47469844857143
6,9,21.115602316959205
6,10,21.475881193941948
6,11,20.95609521863952
6,12,19.970548768074966
6,13,19.464422936819165
6,14,18.893841517257123
6,15,18.604519533258685
6,16,18.586947771217844
6,17,18.71675253298967
6,18,18.542978115456947
6,19,18.588185919561994
6,20,18.47038460309691
6,21,18.305874516139426
6,22,18.10834399306132
6,23,17.684400248936345
6,24,17.423117430611818
6,25,17.592726515695528
6,26,17.792986658167315
6,27,17.736105124970845
6,28,17.509204076660687
6,29,17.70049858647047
6,30,18.474629083581565
6,31,19.534706168534594
6,32,20.198226468805302
6,33,20.09471159461016
6,34,19.31292642287444
6,35,18.77997301277473
6,36,18.982364864715194
6,37,19.904990774228118
6,38,21.205391706487205
6,39,21.84452817662966
6,40,21.275012780049412
6,41,20.10467312586312
6,42,20.20029272386246
6,43,20.53151737142354
6,44,20.87188138505926
6,45,20.750267052977453
6,46,20.384455534292783
6,47,20.306788076629548
6,48,20.33892719307123
6,49,20.56021334347013
6,50,20.733942180771642
6,51,20.879888245955893
6,52,20.784479211598406
6,53,20.409952391082143
6,54,19.712674549957633
6,55,18.91068155356649
6,56,18.435148420996935
6,57,18.759247430516883
6,58,18.928317200000038
5,0,20.616819080000027
5,1,18.93289696680777
5,2,18.48251637215264
5,3,19.68809599667306
5,4,21.152668399764863
5,5,20.095534002365156
5,6,19.50473937201097
5,7,19.084390442018247
5,8,19.042321150369084
5,9,19.509836929021972
5,10,20.314115479612703
5,11,20.955449040117532
5,12,20.654981966108732
5,13,19.96101673418781
5,14,19.146265163111565
5,15,19.005572740690262
5,16,18.857351935892392
5,17,18.850476801769364
5,18,18.65661668321916
5,19,18.526181131435017
5,20,18.4576203654753
5,21,18.285400392889983
5,22,18.113201409702114
5,23,17.48970351255883
5,24,16.71536173610066
5,25,16.669537409693294
5,26,16.96725220414465
5,27,17.576707720102252
5,28,17.698359330384672
5,29,17.552078955155885
5,30,17.85578942527062
5,31,18.740809315616666
5,32,19.383966759009567
5,33,19.92941944767273
5,34,19.716023660860245
5,35,19.37380224286111
5,36,19.648742383791173
5,37,20.70677461882059
5,38,21.400399231454244
5,39,22.171565235489346
5,40,22.118571512377418
5,41,20.846467639481165
5,42,19.976598291356517
5,43,19.855707538325902
5,44,20.91038689124973
5,45,21.12596252054773
5,46,20.756025621855756
5,47,20.66282680393069
5,48,20.796559528663344
5,49,20.79018007301983
5,50,20.602961425220244
5,51,20.65143575541837
5,52,20.622661538308172
5,53,19.86883223594768
5,54,18.86822026853508
5,55,17.876956748799323
5,56,16.60378938717192
5,57,16.14335435332651
5,58,16.15288496000005
4,0,20.616819080000027
4,1,19.741090474440014
4,2,18.12304948353695
4,3,18.026035876501044
4,4,20.200450309756583
4,5,21.102324008379142
4,6,20.980717457019527
4,7,20.462604663661917
4,8,19.893716478492628
4,9,19.79120859438136
4,10,20.130374495292283
4,11,20.667443944267568
4,12,20.797208696745244
4,13,20.33191057722178
4,14,18.78809529706251
4,15,18.977354910962056
4,16,18.89524388408899
4,17,18.826948778065642
4,18,18.799214555078287
4,19,18.903118757169523
4,20,18.923036714155955
4,21,18.3772187362654
4,22,18.203902863677328
4,23,18.00521369215891
4,24,17.464306405079068
4,25,17.176208797332656
4,26,16.944787502245056
4,27,16.96044997156346
4,28,17.747001495629377
4,29,18.055782658171886
4,30,17.88052157071054
4,31,17.922281404851415
4,32,18.153363503208425
4,33,19.13565908146675
4,34,19.910835337208567
4,35,20.420769195964503
4,36,20.533540277318497
4,37,20.327399731148265
4,38,20.892598033401736
4,39,21.43208639146824
4,40,22.66403120859458
4,41,23.002089172008624
4,42,22.29386895476821
4,43,20.26775671708278
4,44,19.650258066127368
4,45,19.769265970812487
4,46,21.049250380830124
4,47,21.298242345165086
4,48,21.032087710336857
4,49,20.83886033858066
4,50,20.706795172281822
4,51,21.155949286655286
4,52,22.25504735172088
4,53,22.52868341344448
4,54,21.405853287200728
4,55,19.437657531282465
4,56,15.92076077850949
4,57,14.638619173490678
4,58,13.828631360000031
3,0,19.58457704
3,1,19.662316945840978
3,2,17.775406730375842
3,3,16.994646287047566
3,4,18.59618404459527
3,5,20.185634891921158
3,6,20.667367205709674
3,7,20.669374251172286
3,8,20.609349405988183
3,9,20.437948734833117
3,10,20.129091216766106
3,11,19.94126553133814
3,12,19.893260956361726
3,13,19.69400210088377
3,14,18.358039389299492
3,15,18.720195119082973
3,16,18.69349730277033
3,17,18.57468304157691
3,18,18.65552504885499
3,19,19.112319503250976
3,20,19.69357938895273
3,21,18.839582140017804
3,22,18.268267488725296
3,23,18.177545332583847
3,24,17.980120244208795
3,25,17.812356457454516
3,26,17.782445404462138
3,27,17.311293313368616
3,28,16.504567639760644
3,29,16.92793772788678
3,30,17.799412132224404
3,31,17.8943614199367
3,32,18.131974221788877
3,33,19.242349115445823
3,34,19.15720491226412
3,35,19.531546211853723
3,36,20.668814341656613
3,37,21.170115704223598
3,38,20.933511231607014
3,39,20.98340333454651
3,40,21.508556903366895
3,41,22.218574450978966
3,42,22.35880699569406
3,43,21.299111850919267
3,44,19.973787928543707
3,45,18.672617560286632
3,46,19.744249871732215
3,47,21.094638907680384
3,48,21.122286546993074
3,49,20.994379000680617
3,50,20.623424981921335
3,51,21.219544668936848
3,52,22.18818741536695
3,53,22.07112128807633
3,54,21.30033697665381
3,55,21.022211064636892
3,56,20.479272284986173
3,57,19.848012263672942
3,58,18.44637638000006
2,0,19.922961020000002
2,1,20.4558331050136
2,2,18.63172347907106
2,3,17.31531011928103
2,4,17.171621426039017
2,5,18.134582062633477
2,6,18.82270022228366
2,7,18.99568467037362
2,8,19.473497609926063
2,9,20.220574960281155
2,10,19.92794492424413
2,11,19.179457865308933
2,12,19.716986909999708
2,13,20.027440668965156
2,14,20.48174650812063
2,15,21.59739343078097
2,16,21.21886788526621
2,17,19.705967337975355
2,18,18.676986462627212
2,19,18.670002606665687
2,20,19.006547374473755
2,21,18.722145034566914
2,22,18.346278258509365
2,23,18.289006601069488
2,24,18.18481603474378
2,25,17.89945876110632
2,26,17.64455194852351
2,27,17.333353041696817
2,28,16.68854398716035
2,29,16.572161711658822
2,30,16.89956738855673
2,31,16.957776393623224
2,32,16.70633663167022
2,33,17.760681495829253
2,34,18.161914171437523
2,35,17.922140833421842
2,36,18.662234718539096
2,37,19.97003506321553
2,38,20.83360564335311
2,39,20.699109903234028
2,40,20.656161518941044
2,41,21.1976517012837
2,42,21.186133263644184
2,43,20.634803356072577
2,44,20.93951791117045
2,45,20.322944932794826
2,46,18.948708400354363
2,47,19.45455227490912
2,48,20.342927828905648
2,49,21.238833494296657
2,50,19.868989735409123
2,51,19.83066177749081
2,52,20.900801240777415
2,53,21.644876615127135
2,54,21.08378256243379
2,55,20.89066602142923
2,56,21.258334166922847
2,57,20.776291443281874
2,58,19.919543000000033
1,0,21.949846879999996
1,1,22.21760614060997
1,2,21.10433990845478
1,3,19.182807155388648
1,4,18.408961957661838
1,5,19.05401014070659
1,6,19.69342813538431
1,7,20.400032718977524
1,8,20.561284107591774
1,9,20.597598517903478
1,10,20.492048114531478
1,11,20.654008826520368
1,12,21.619460112287577
1,13,22.413732292472908
1,14,22.97132253370618
1,15,22.501340393392763
1,16,22.297105145281463
1,17,21.46093488683387
1,18,19.418783881825746
1,19,18.732508577290268
1,20,18.828836282295477
1,21,18.593888260080085
1,22,18.48525346717013
1,23,18.457528814285844
1,24,18.097164869485272
1,25,17.551299562016368
1,26,17.38205245608399
1,27,17.21552126447815
1,28,16.375511471366302
1,29,16.37636035546362
1,30,16.81521075492389
1,31,16.464313782771086
1,32,16.30987755132544
1,33,16.96966092590311
1,34,18.185516303975817
1,35,18.5847002586449
1,36,18.629683954809312
1,37,19.14334502003598
1,38,19.744870152012815
1,39,19.815524091550312
1,40,19.646863795390722
1,41,20.052621675128773
1,42,20.325943255733158
1,43,19.90065385941059
1,44,20.128755468176646
1,45,20.06822938159246
1,46,19.06320092652325
1,47,17.838926701864317
1,48,18.03145531500007
1,49,19.226904342935487
1,50,20.026966990032026
1,51,19.64958729881527
1,52,20.541452114624292
1,53,21.291146609440524
1,54,21.479756446938424
1,55,21.050331599631118
1,56,20.840501465256203
1,57,20.5649505646537
1,58,19.659773480000013
0,0,22.701811280000015
0,1,22.701811280000015
0,2,21.98744510000006
0,3,19.946887160000017
0,4,18.692473820000032
0,5,19.79307626000002
0,6,20.343377480000015
0,7,21.194464460000006
0,8,20.64416324000001
0,9,20.64416324000001
0,10,20.685179479999988
0,11,20.353631540000038
0,12,21.320931200000018
0,13,22.079731639999977
0,14,23.05386734000001
0,15,22.014789260000043
0,16,22.014789260000043
0,17,21.577282700000012
0,18,19.311135440000044
0,19,18.665129660000048
0,20,18.466884499999992
0,21,18.029377940000018
0,22,18.53182688000004
0,23,18.234459140000013
0,24,18.234459140000013
0,25,17.92683734000002
0,26,17.87556704000002
0,27,18.02254190000002
0,28,17.923419319999994
0,29,17.755936340000005
0,30,16.99371788000002
0,31,16.026418219999982
0,32,15.845263160000059
0,33,16.96637371999998
0,34,18.873628880000012
0,35,19.40000396000005
0,36,19.212012860000016
0,37,19.526470700000004
0,38,19.526470700000004
0,39,19.89561686000002
0,40,19.365823760000012
0,41,19.635847340000055
0,42,20.216910740000003
0,43,19.916124980000006
0,44,19.782822200000055
0,45,19.765732100000037
0,46,19.12656235999998
0,47,17.544019100000014
0,48,17.60212544000001
0,49,18.839448680000032
0,50,19.58457704
0,51,19.943469140000047
0,52,21.29700506000006
0,53,21.77552786000001
0,54,21.77552786000001
0,55,21.74476568
0,56,20.480098279999993
0,57,20.664671360000057
0,58,19.659773480000013
